4294967279,120
4294967279,119
4294967279,118
4294967279,117
4294967279,116
4294967279,115
4294967279,114
4294967279,113
4294967278,26
4294967278,25
4294967278,24
4294967278,23
4294967278,22
4294967278,21
4294967278,20
4294967278,19
4294967278,18
4294967278,17
4294967278,16
4294967278,15
4294967278,14
4294967278,13
4294967278,12
4294967278,11
4294967278,10
4294967278,9
4294967278,8
4294967278,7
4294967278,6
4294967278,5
4294967278,4
4294967279,132
4294967279,131
4294967279,130
4294967279,129
4294967279,128
4294967279,127
4294967279,126
4294967279,125
4294967279,124
4294967279,123
4294967279,122
4294967279,121
4294967278,326
4294967278,131
4294967278,296
4294967278,128
4294967278,388
4294967278,126
4294967278,349
4294967278,125
4294967278,292
4294967278,123
4294967278,122
4294967278,117
4294967278,115
4294967278,114
4294967278,113
4294967278,112
4294967278,110
4294967278,341
4294967278,109
4294967278,394
4294967278,108
4294967278,107
4294967278,103
4294967278,101
4294967278,99
4294967278,98
4294967278,447
4294967278,97
4294967278,96
4294967278,93
4294967278,91
4294967278,90
4294967278,444
4294967278,89
4294967278,375
4294967278,87
4294967278,85
4294967278,84
4294967278,83
4294967278,81
4294967278,297
4294967278,77
4294967278,75
4294967278,74
4294967278,69
4294967278,389
4294967278,64
4294967278,63
4294967278,62
4294967278,311
4294967278,335
4294967278,60
4294967278,293
4294967278,59
4294967278,416
4294967278,58
4294967278,57
4294967278,56
4294967278,55
4294967278,307
4294967278,54
4294967278,53
4294967278,52
4294967278,51
4294967278,310
4294967278,50
4294967278,225
4294967278,49
4294967278,440
4294967278,48
4294967278,323
4294967278,47
4294967278,295
4294967278,46
4294967278,45
4294967278,347
4294967278,44
4294967278,420
4294967278,43
4294967278,385
4294967278,42
4294967278,355
4294967278,41
4294967278,413
4294967278,40
4294967278,39
4294967278,38
4294967278,217
4294967278,37
4294967278,439
4294967278,36
4294967278,35
4294967278,410
4294967278,34
4294967278,334
4294967278,33
4294967278,350
4294967278,32
4294967278,371
4294967278,31
4294967278,243
4294967278,30
4294967278,29
4294967278,28
4294967278,27
4294967278,174
4294967278,88
4294967278,2
4294967278,346
4294967279,316
4294967279,281
4294967279,519
4294967279,82
4294967279,81
4294967279,79
4294967279,77
4294967279,381
4294967279,76
4294967279,266
4294967279,75
4294967279,74
4294967279,268
4294967279,72
4294967279,70
4294967279,69
4294967279,373
4294967279,68
4294967279,66
4294967279,64
4294967279,324
4294967279,63
4294967279,516
4294967279,59
4294967279,57
4294967279,56
4294967279,55
4294967279,54
4294967279,354
4294967279,46
4294967279,563
4294967279,44
4294967279,43
4294967279,351
4294967279,42
4294967279,232
4294967279,41
4294967279,535
4294967279,38
4294967279,36
4294967279,88
4294967279,2
4294967279,174
4294967279,35
4294967279,230
4294967279,293
4294967279,33
4294967279,32
4294967279,31
4294967279,30
4294967279,29
4294967279,27
4294967279,24
4294967279,22
4294967279,21
4294967279,251
4294967279,19
4294967279,18
4294967279,13
4294967279,11
4294967279,533
4294967279,10
4294967279,513
4294967279,9
4294967279,289
4294967279,8
4294967279,6
4294967279,562
4294967279,5
4294967279,4
4294967278,86
4294967278,289
4294967279,334
4294967278,79
1756,7
1756,6
1756,5
4294967279,195
1756,4
4294967278,194
1756,3
1756,2
1756,1
4294967279,194
4294967278,192
4294967279,319
4294967278,390
4294967279,192
4294967278,266
4294967279,78
4294967278,263
4294967278,260
4294967278,76
4294967279,188
1755,4
1755,3
1755,2
1755,1
4294967279,187
4294967278,185
4294967279,73
4294967279,185
4294967278,184
4294967279,182
1754,4
4294967278,181
1754,3
1754,2
1754,1
4294967278,67
4294967278,427
4294967279,67
4294967279,295
4294967279,179
4294967278,65
4294967278,423
4294967279,65
4294967279,299
4294967279,177
4294967279,62
4294967279,321
4294967279,52
4294967279,222
4294967279,60
4294967279,171
4294967279,170
4294967279,168
4294967279,167
1753,7
1753,6
1753,5
1753,4
4294967279,165
1753,3
1753,2
1753,1
4294967279,234
4294967279,51
4294967279,276
4294967279,50
4294967279,560
4294967278,259
4294967279,49
4294967279,532
4294967279,160
4294967279,47
4294967279,158
4294967279,45
4294967294,1422
4294967294,1421
4294967279,157
4294967279,545
4294967279,155
4294967279,154
4294967279,40
4294967279,372
4294967278,383
4294967279,39
4294967279,150
4294967279,344
4294967294,393
4294967294,388
4294967294,114
4294967294,115
4294967279,37
4294967279,551
4294967279,145
4294967279,144
4294967279,143
4294967279,28
4294967279,571
4294967279,139
4294967294,1000
4294967294,185
4294967279,17
4294967279,26
4294967279,322
4294967279,136
4294967279,317
4294967279,135
4294967279,23
4294967279,134
4294967279,525
4294967279,133
4294967279,20
4294967279,216
4294967279,282
1749,6
4294967279,283
1749,5
1749,4
4294967279,279
1749,3
1749,2
1749,1
4294967279,273
4294967279,16
4294967279,325
4294967279,7
4294967294,397
4294967294,412
4294967294,420
